---
published: true
layout: post
title: 出租车GPS载客热点分析(1)-数据预处理
category: Hadoop
tags: 
  - Hadoop
time: 2017.02.25 13:31:00
excerpt: 这份出租车的运行信息已经进行了前期的数据清洗，去除了异常数据（包括信息不完整，GPS数据点超出分析的范围， 重复数据等），但是在对出租车信息进行聚类分析之前还是需要对数据进行预处理，筛选出可供下一步使用的数据。 
---

这份出租车的运行信息已经进行了前期的数据清洗，去除了异常数据（包括信息不完整，GPS数据点超出分析的范围， 重复数据等），但是在对出租车信息进行聚类分析之前还是需要对数据进行预处理，筛选出可供下一步使用的数据。  
在原始的数据中记录了出租车的载客信息，即0表示车上没有乘客，1表示车上有乘客。为了得到出租车的上车点或下车点需要对原始数据进行二次排序。先将数据按照出租车ID排序分类，然后相同出租车ID的记录在按照时间排序。这样预处理之后，载客状态由0变为1为上车点，由1变为0为下车点。  
原始数据 （1表示载客，0表示无客）  

出租车ID | 纬度 | 经度 | 载客状态 | 时间点
---------|------|------|----------|-------
1 | 30.624806 | 104.136604 | 0 | 2014/8/3 21:18:46
1 | 30.624809 | 104.136612 | 1 | 2014/8/3 21:18:15
1 | 30.624811 | 104.136587 | 1 | 2014/8/3 21:20:17
1 | 30.624811 | 104.136596 | 0 | 2014/8/3 21:19:16
1 | 30.624811 | 104.136619 | 1 | 2014/8/3 21:17:44
1 | 30.624813 | 104.136589 | 1 | 2014/8/3 21:19:46
...|
10 | 30.566167 | 103.958100 | 0 | 2014/8/3 07:24:10
10 | 30.566259 | 103.958255 | 0 | 2014/8/3 07:24:13
10 | 30.566268 | 103.958324 | 1 | 2014/8/3 06:08:06
10 | 30.567149 | 103.955907 | 0 | 2014/8/3 07:23:45
10 | 30.567375 | 103.955282 | 0 | 2014/8/3 06:07:37

  
二次排序后的数据情况

出租车ID |  时间点 |  载客状态 | 纬度 | 经度 | 
---------|------|------|----------|-------
1 | 30.624811 | 104.136619 | 1 | 2014/8/3 21:17:44
1 | 30.624809 | 104.136612 | 1 | 2014/8/3 21:18:15
1 | 30.624806 | 104.136604 | 0 | 2014/8/3 21:18:46
1 | 30.624811 | 104.136596 | 0 | 2014/8/3 21:19:16
1 | 30.624813 | 104.136589 | 1 | 2014/8/3 21:19:46
1 | 30.624811 | 104.136587 | 1 | 2014/8/3 21:20:17
...|
10 | 30.567375 | 103.955282 | 0 | 2014/8/3 06:07:37
10 | 30.566268 | 103.958324 | 1 | 2014/8/3 06:08:06
10 | 30.567149 | 103.955907 | 0 | 2014/8/3 07:23:45
10 | 30.566167 | 103.958100 | 0 | 2014/8/3 07:24:10
10 | 30.566259 | 103.958255 | 0 | 2014/8/3 07:24:13





筛选出有载客状态中有0变为1的记录的到上车点信息

载客点ID | 纬度 | 经度 | 
---------|------|------|
1 | 30.624813 | 104.136589 
2 | 30.566268 | 103.958324 

### 实现
这次数据处理过程的核心是二次排序。二次排序是先将记录按照一个字段进行排序，然后在相同字段中在按照另外一个字段排序，从而形成二次有序的数据集。  

##### 组合键
定义一个由出租车ID和时间点构成的组合键Taxi ID。。。，并且实现序列化方法readFields(...)和write(...),比较方法compareTo(...)。
```
public class TaxiIDDateKey implements WritableComparable<TaxiIDDateKey>{
    private Integer taxiID;
    private String date;
    
    public TaxiIDDateKey(Integer taxiID, String date) {
        this.taxiID = taxiID;
        this.date = date;
    }
    
    public TaxiIDDateKey() {}

    @Override
    public void readFields(DataInput in) throws IOException  {
        this.taxiID = in.readInt();
        this.date = in.readUTF(); // ?
    }
    
    @Override
    public void write(DataOutput out) throws IOException {
        out.writeInt(taxiID);
        out.writeUTF(date);
    }
    
    @Override
    public int compareTo(TaxiIDDateKey other) {
        
        if (this.taxiID.compareTo(other.taxiID) != 0) {
            return this.taxiID.compareTo(other.taxiID);
        } else {
            return this.date.compareTo(other.date);
        }
    }

    @Override
    public String toString() {
        return taxiID + "," + date + ",";
    }
    
    
}
    
```

##### 分组类
另一个重要的点就是实现分组类。默认情况下MR框架会根据key分组，但是在这里按key分组并不能满足作业的要求，因此需要自己定义分组类。
```
public class TaxiIDKeyGroupingComparatort extends WritableComparator{
    
    protected TaxiIDKeyGroupingComparatort() {
        super(TaxiIDDateKey.class,true);
    }
    
    @Override
    public int compare(WritableComparable wc1, WritableComparable wc2) {
        TaxiIDDateKey record1 = (TaxiIDDateKey) wc1;
        TaxiIDDateKey record2 = (TaxiIDDateKey) wc2;
        
        if (record1.getTaxiID().compareTo(record1.getTaxiID()) != 0) {
            return record1.getTaxiID().compareTo(record1.getTaxiID());
        } else {
            return 0;
        }
    }
    
}
```

##### Mapper过程
数据输入

出租车ID | 纬度 | 经度 | 载客状态 | 时间点
---------|------|------|----------|-------
1 | 30.624806 | 104.136604 | 0 | 2014/8/3 21:18:46
1 | 30.624809 | 104.136612 | 1 | 2014/8/3 21:18:15
1 | 30.624811 | 104.136587 | 1 | 2014/8/3 21:20:17
1 | 30.624811 | 104.136596 | 0 | 2014/8/3 21:19:16
1 | 30.624811 | 104.136619 | 1 | 2014/8/3 21:17:44
1 | 30.624813 | 104.136589 | 1 | 2014/8/3 21:19:46
...|
10 | 30.566167 | 103.958100 | 0 | 2014/8/3 07:24:10
10 | 30.566259 | 103.958255 | 0 | 2014/8/3 07:24:13
10 | 30.566268 | 103.958324 | 1 | 2014/8/3 06:08:06
10 | 30.567149 | 103.955907 | 0 | 2014/8/3 07:23:45
10 | 30.567375 | 103.955282 | 0 | 2014/8/3 06:07:37

Mapper中间数据输出

出租车ID |  时间点 |  载客状态 | 纬度 | 经度 | 
---------|------|------|----------|-------
1 | 30.624811 | 104.136619 | 1 | 2014/8/3 21:17:44
1 | 30.624809 | 104.136612 | 1 | 2014/8/3 21:18:15
1 | 30.624806 | 104.136604 | 0 | 2014/8/3 21:18:46
1 | 30.624811 | 104.136596 | 0 | 2014/8/3 21:19:16
1 | 30.624813 | 104.136589 | 1 | 2014/8/3 21:19:46
1 | 30.624811 | 104.136587 | 1 | 2014/8/3 21:20:17
...|
10 | 30.567375 | 103.955282 | 0 | 2014/8/3 06:07:37
10 | 30.566268 | 103.958324 | 1 | 2014/8/3 06:08:06
10 | 30.567149 | 103.955907 | 0 | 2014/8/3 07:23:45
10 | 30.566167 | 103.958100 | 0 | 2014/8/3 07:24:10
10 | 30.566259 | 103.958255 | 0 | 2014/8/3 07:24:13


Mapper实现
```
public class KmeansSecondarySortMapper extends Mapper<LongWritable, Text, TaxiIDDateKey, Text>{
    
    private final TaxiIDDateKey mapOutKey = new TaxiIDDateKey();

    @Override
    protected void map(LongWritable key, Text value, Context context) throws IOException, InterruptedException {
        String recordInfo = value.toString();
        String[] lines = recordInfo.split(",");
        
        mapOutKey.setTaxiID(Integer.parseInt(lines[0]));
        mapOutKey.setDate(lines[4]);
        
        StringBuilder builder = new StringBuilder();
        builder.append(lines[3]);
        builder.append(",");
        builder.append(lines[2]);
        builder.append(",");
        builder.append(lines[1]);
        mapOutValue.setLongitude("setLongitude");
        mapOutValue.setTaxiState("setTaxiState");
        mapOutKey.setDate("setDate")*/;
        
        context.write(mapOutKey, new Text(builder.toString()));
    }
}

```


##### Partition过程
数据分区需要按照组合键的出租车ID分区，因此需要重写分区方法

```
public class TaxiIDKeyPartitioner extends Partitioner<TaxiIDDateKey, Text> {
    
    @Override
    public int getPartition(TaxiIDDateKey key , Text value, int numOfReducer) {
        return Math.abs((key.getTaxiID().hashCode()) % numOfReducer);
    }
    
     
}    
```

##### Reducer过程
结果输出

载客点ID | 纬度 | 经度 | 
---------|------|------|
1 | 30.624813 | 104.136589 
2 | 30.566268 | 103.958324 

Reducer实现
```
public class KmeansSecondarySortReducer extends Reducer<TaxiIDDateKey, Text, Text, NullWritable>{
    
    int row = 0;
    
    protected void reduce(TaxiIDDateKey key, Iterable<Text> values, Context context) throws IOException, InterruptedException {
    
    String preState = "0";
    String currentState = "0";
        
    
    for (Text value : values) {
        String[] info = value.toString().split(",");
        
        currentState = info[0]; 
        if ((preState.compareTo("0") == 0) && (currentState.compareTo("1") == 0)) {
            StringBuilder keyBuilder = new StringBuilder();
            keyBuilder.append(String.valueOf(++row));
            keyBuilder.append(",");
            keyBuilder.append(info[1]);
            keyBuilder.append(",");
            keyBuilder.append(info[2]);

            preState = "1";
            context.write(new Text(keyBuilder.toString()), NullWritable.get());
        }
        
        if ((preState.compareTo("1") == 0) && (currentState.compareTo("0") == 0)) {
            preState = "0";
        }
        
    }
    }
}


```

##### 启动类Driver

启动类实现
```
public class KmeansSecondarySortDriver extends Configured implements Tool {
    
    public static void main(String[] args) throws Exception {
        int returnStatus = ToolRunner.run(new Configuration(), new KmeansSecondarySortDriver(), args);
    }
    
    @Override
    public int run(String[] args) throws IOException, ClassNotFoundException, InterruptedException {

        Configuration conf = getConf();

        Job job = Job.getInstance();
        
        job.setJobName("KmeansSecondarySort");
        job.setJarByClass(KmeansSecondarySortDriver.class);
        job.setMapperClass(KmeansSecondarySortMapper.class);
        job.setReducerClass(KmeansSecondarySortReducer.class);
        
        job.setMapOutputKeyClass(TaxiIDDateKey.class);
        job.setMapOutputValueClass(Text.class);
        
        job.setPartitionerClass(TaxiIDKeyPartitioner.class);
        job.setGroupingComparatorClass(TaxiIDKeyGroupingComparatort.class);
        
        job.setOutputKeyClass(TaxiIDDateKey.class);
        job.setOutputValueClass(Text.class);
        
        FileInputFormat.setInputPaths(job, new Path(args[0]));
        FileOutputFormat.setOutputPath(job, new Path(args[1]));
        
        boolean status = job.waitForCompletion(true);
        return status ? 0 : 1;
    }
    
}

```